2.145490 -2.900564 15.927217
2.130255 -2.783428 15.957989
2.122936 -2.690420 15.897338
2.132548 -2.365152 15.798497
2.002524 -2.057842 15.824864
2.279377 -2.082779 15.790277
0.436186 -2.280538 19.617941
1.980255 -1.951294 15.722025
2.241825 -1.838291 15.742938
2.010673 -1.842629 15.813081
0.423769 -2.017844 19.466319
1.970053 -1.655285 15.782245
9.732627 -1.955770 19.296126
2.289985 -1.653288 15.699432
0.429997 -1.737938 19.458206
9.762783 -1.822732 19.325611
1.751021 -1.438329 15.640630
1.865340 -1.434032 15.444918
2.410074 -1.468241 15.665737
9.748358 -1.689668 19.245786
9.734605 -1.560081 19.205089
0.417912 -1.441510 19.409018
0.551523 -1.438029 19.357066
2.098530 -1.307026 15.342061
0.276037 -1.389247 19.480215
1.754894 -1.253026 15.741825
9.785820 -1.439256 19.252267
2.489463 -1.261821 15.608853
8.032357 -1.428239 22.964207
5.033847 -1.303351 19.245841
9.874988 -1.281602 19.203582
0.527944 -1.201978 19.355431
2.077273 -1.115859 15.287396
1.845257 -1.076809 15.228381
9.611347 -1.227214 19.242380
1.725572 -1.024306 15.680770
2.478801 -1.049384 15.481527
5.038700 -1.117414 19.231848
2.050517 -0.939030 15.174550
0.220203 -1.024068 19.381308
0.575020 -1.000400 19.342655
5.034182 -0.997738 19.198580
9.825532 -0.936554 19.056957
1.977107 -0.812924 15.205391
2.442376 -0.827435 15.412956
9.608565 -0.841853 19.233190
1.721539 -0.779708 15.518287
2.190091 -0.783588 15.237893
8.025943 -0.882912 22.822937
0.050618 -0.788326 19.349649
9.876728 -0.830751 19.102212
1.896972 -0.719316 15.551490
1.968006 -0.670435 15.032064
8.035814 -0.725087 22.809859
0.383238 -0.666447 19.042266
5.034947 -0.669628 19.172188
0.039907 -0.591359 19.370830
0.734835 -0.575686 19.171331
0.022217 -0.486169 19.375953
5.022138 -0.497837 18.963154
9.944744 -0.426440 18.735511
9.308582 -0.402409 19.105465
9.463721 -0.446401 18.728789
4.826704 -0.414003 19.039909
5.231473 -0.393278 19.067446
0.761361 -0.331979 19.101727
2.029742 -0.402147 15.215083
2.271795 -0.346440 15.271232
9.366352 -0.304956 19.219160
7.844549 -0.173515 22.793509
8.182643 -0.186263 22.777937
10.113556 -0.198119 18.875334
-0.016630 -0.284201 19.290919
9.451190 -0.205457 18.669046
9.261284 -0.149164 19.049646
0.008211 -0.098873 19.200177
0.715874 -0.107986 19.113942
2.192749 -0.177894 15.109815
0.459904 -0.077676 18.852846
1.978899 -0.125743 14.954724
7.678691 0.103059 22.730008
1.685484 -0.047297 15.286359
7.910889 0.197440 22.635555
4.827763 0.092298 18.812761
8.314685 0.198963 22.612175
9.305537 0.122087 19.024882
9.566547 0.102070 18.545112
2.478549 0.054654 15.377845
5.228931 0.175168 18.984572
2.133849 0.096970 14.991613
2.553508 0.196826 15.317278
4.630760 0.285888 19.016640
1.458482 0.327495 18.830121
1.845835 0.184548 14.889485
7.659209 0.478938 22.807246
8.412330 0.485087 22.616881
1.597966 0.245650 14.722184
9.596483 0.501768 18.490406
5.582008 0.491044 18.820272
4.406651 0.474377 18.769010
0.087433 0.562212 19.005293
0.207261 0.544328 19.092779
0.463520 0.529253 18.708648
1.589873 0.343436 14.694166
8.579602 0.617009 19.240720
0.671922 0.571967 18.981205
2.042683 0.368497 14.935756
2.305360 0.391915 15.068008
2.546839 0.395022 15.321439
7.875395 0.760297 22.058258
8.070735 0.793906 22.576434
-0.059973 0.606004 18.839463
4.399532 0.611906 19.105954
0.700079 0.662518 18.730898
1.837263 0.419397 14.925211
1.463218 0.705475 18.846875
9.274786 0.795345 18.866126
5.676582 0.783741 18.669119
10.099318 0.811020 18.698460
0.299798 0.740231 18.645646
2.139442 0.567204 15.001960
0.143323 0.811197 18.728847
1.770070 0.590616 15.101703
5.002513 0.810842 18.328233
0.813057 0.845742 18.805559
4.235457 0.857002 18.855084
4.645041 0.845288 18.364151
-0.130568 0.882103 18.966928
5.771319 0.927875 18.778632
8.026189 1.139123 22.025688
8.570317 0.987200 19.143086
4.892268 0.979458 17.992084
1.274235 1.001605 18.780019
1.579006 1.002147 18.600282
0.122600 1.028425 18.730053
4.482137 1.062495 18.582567
4.627211 1.000173 18.064100
9.156422 1.139348 18.812141
10.082893 1.109653 18.498018
7.976370 1.253616 20.896705
9.438499 1.092473 18.325742
-0.135209 1.108625 19.039108
0.766471 1.067352 18.806438
3.242226 1.045283 18.098144
5.117141 1.069145 18.408490
5.713052 1.098213 18.500593
7.269108 1.350020 21.599947
-2.820190 0.934954 16.965846
4.208791 1.108976 18.665533
7.411985 1.366880 20.691246
0.091731 1.119659 18.671730
4.322115 1.115073 17.660391
4.444151 1.127756 17.597826
4.506978 1.138018 17.403026
8.425842 1.325606 19.128808
0.422508 1.226091 18.713374
4.724773 1.192596 17.912941
4.810051 1.212584 18.272007
5.302708 1.227982 18.214727
8.732944 1.324765 19.061247
0.072751 1.240548 18.852321
3.295456 1.151186 17.491656
4.504769 1.336621 18.960016
1.552385 1.293925 18.587118
6.538978 1.420423 18.352515
1.766297 1.085211 14.966986
2.115220 1.068620 14.829632
2.955973 1.261150 17.079919
9.198764 1.497900 18.809331
4.571958 1.324669 17.199127
-2.810498 1.156529 16.826978
1.226647 1.438560 18.698721
1.613996 1.120563 15.097372
4.377939 1.327342 16.841688
-1.940867 1.317889 17.185467
3.968071 1.402265 17.175798
3.806030 1.502696 18.058765
-1.980570 1.089885 14.149039
3.494653 1.488348 17.733671
5.384836 1.564695 18.007959
7.251128 1.781846 19.459201
8.405184 1.718116 18.960287
4.116440 1.594293 18.136149
4.928921 1.557833 17.883057
8.765959 1.756321 19.002448
1.390284 1.576342 18.010335
-3.732838 1.073496 13.390618
-3.048267 1.084655 13.581315
1.580157 1.338062 15.051439
1.686197 1.291721 14.764359
1.803611 1.266032 14.653568
2.022049 1.288266 14.725033
5.683627 1.728860 18.407341
7.564778 1.788953 19.056416
-3.080858 1.067759 12.948036
0.871241 1.490870 16.793996
2.300648 1.319278 14.824155
4.152931 1.543631 16.791903
0.410266 1.699192 18.378725
4.357304 1.554183 16.589622
4.503216 1.562419 16.787398
-2.092321 0.960176 11.337370
0.058539 1.759704 18.904521
2.906630 1.549660 16.092392
3.958956 1.605403 17.040626
-1.733162 1.259754 13.950138
8.127956 1.921545 18.960488
-1.272428 1.317533 14.257004
-0.882083 1.368895 14.398349
7.121625 1.900328 18.292211
4.876068 1.784323 17.010616
2.025954 1.495129 14.610506
9.297820 2.069379 18.505714
9.742955 2.006604 18.264763
1.787861 1.516903 14.603845
5.660188 1.861231 17.103881
8.549739 2.042454 18.366940
8.982032 2.070427 18.551393
1.506869 1.602035 15.070508
2.448570 1.591707 14.872015
4.870311 1.864148 17.040222
7.277921 2.045974 18.130484
3.917353 1.810958 16.594926
8.098421 2.093191 18.387093
-0.320057 1.553873 14.442812
1.122096 1.768307 16.224041
4.137567 1.850947 16.312620
8.021572 2.236533 19.198514
0.869751 1.878146 16.808060
2.926489 1.802305 15.779532
9.383674 2.177996 18.099077
10.089115 2.232690 18.363799
4.283396 1.817103 15.620543
5.003272 1.991237 16.707985
-2.160888 1.224498 11.224210
0.571971 1.713910 14.994254
0.380543 1.682139 14.510264
2.140412 1.753976 14.690418
5.681234 2.083858 16.769819
6.321230 2.172598 17.344588
6.451757 2.182569 17.527362
8.199187 2.336760 18.560021
-1.694374 1.142431 10.238911
-0.379079 1.687106 14.269464
2.685469 1.785709 15.004090
3.736440 1.958610 16.170080
-3.398128 1.456095 12.917114
-3.157522 1.456683 12.842811
1.788752 1.750129 14.567485
3.910995 1.979775 16.265027
0.404869 1.785865 14.626081
1.490851 1.855420 15.061897
7.125863 2.306355 17.669195
9.100907 2.452634 18.679054
7.971084 2.324770 17.753924
-1.153124 1.702521 13.806890
-0.720562 1.751282 14.037639
1.264202 2.007305 16.108899
3.183011 1.959365 15.316861
3.725186 2.089139 15.991532
9.401838 2.415709 18.051346
10.099122 2.483932 18.301209
-0.843431 1.735736 13.904884
11.091046 2.593642 18.670228
-0.193139 1.826687 14.361055
4.184008 2.098253 15.811286
-1.431817 1.361431 11.013458
3.486308 2.082344 15.712154
5.167701 2.216182 16.342653
5.996449 2.291728 16.876034
-1.957787 1.271846 10.114346
1.122294 2.129811 16.097060
4.387796 2.138162 15.905849
4.719396 2.228790 16.179438
5.773711 2.354897 16.848055
5.372654 2.259144 16.265983
6.459811 2.390512 16.901224
-1.726443 1.355764 10.470052
-2.436675 1.343258 10.452024
-1.827421 1.303235 10.196850
7.024505 2.496942 17.286457
7.371199 2.469172 17.200266
7.886299 2.579051 17.516278
15.024162 3.442072 22.960779
-3.500339 1.617871 12.360534
6.648476 2.424981 16.926960
7.574917 2.523886 17.338350
7.769869 2.568613 17.526754
8.334866 2.593138 17.567439
8.967977 2.732932 18.236829
-3.564671 1.699132 12.862462
2.705305 2.122630 15.020813
9.398494 2.698273 18.091495
0.862881 2.313907 16.331071
2.468012 2.130788 14.929958
2.914843 2.156255 15.138688
3.886534 2.318257 15.865784
11.166417 2.918189 18.655107
3.492338 2.262429 15.436031
-1.333174 1.593509 11.431220
1.753660 2.154437 14.867735
3.627152 2.302116 15.704438
4.800762 2.454654 16.353329
10.022479 2.807222 18.139443
-0.951048 1.877297 13.275429
-0.874045 2.031455 14.197857
-0.738130 2.018770 14.106413
1.525075 2.265674 15.669981
0.083268 2.105879 14.460651
5.368010 2.474080 16.222254
5.976020 2.630792 16.863593
-0.207574 2.102516 14.322769
1.159789 2.374982 15.697220
3.266144 2.332216 15.206153
3.374196 2.371678 15.271837
7.012010 2.722991 17.154834
8.070572 2.850685 17.765854
4.124490 2.445331 15.664903
8.590528 2.903371 17.684278
6.367979 2.672688 16.614565
-1.746334 1.516833 9.944806
5.107593 2.575614 16.106487
6.629049 2.704263 16.742851
7.370914 2.836048 17.133321
-3.582517 1.943889 12.860695
-3.379617 1.913241 12.816274
1.151740 2.526002 16.002410
1.538627 2.442880 15.325321
7.571267 2.876369 17.231724
8.347047 2.939095 17.524128
9.140780 3.046796 17.869272
9.653359 3.014746 17.903982
4.668013 2.583851 15.721729
9.319985 3.067193 17.957713
-0.945027 1.909649 11.916588
-0.481064 2.266120 14.122594
0.404048 2.320912 14.556091
7.963112 2.971085 17.265301
8.394953 2.974031 17.376602
-0.736860 2.182598 13.626503
-0.408492 2.297696 14.133189
-0.217716 2.308025 14.274913
0.632605 2.511896 15.181441
0.065325 2.377005 14.372908
6.313665 2.856536 16.436415
8.978270 3.142293 17.769326
3.816597 2.419166 13.599889
1.952477 1.921843 10.747860
1.110578 2.204471 12.535587
7.622892 3.093028 16.564902
2.203348 1.993677 11.016150
11.164799 3.590289 18.403831
8.958964 3.568370 18.359180
0.827823 2.303402 12.324316
1.203040 2.416769 12.895327
3.223412 2.528953 13.169837
0.406237 2.679512 14.472897
-1.531678 1.729839 9.233577
0.156705 2.534946 13.367447
1.244595 2.299632 11.884624
3.948883 2.261882 11.203264
1.733489 2.218085 11.317463
1.625235 2.344366 11.953437
9.004456 3.081532 14.772805
-1.970880 1.919599 9.856764
0.767692 2.472726 12.446719
3.548011 2.743024 13.416662
8.682095 3.173169 14.817323
9.188484 3.647787 17.093742
-2.809921 1.846869 9.404907
0.172680 2.250804 11.123495
-2.993944 1.845916 9.259885
1.247106 2.496398 11.906468
1.373347 2.372232 11.272453
3.729342 2.410665 10.972613
1.540001 2.510786 11.616332
-0.777350 1.967684 9.211760
10.045309 3.391577 14.655416
0.267489 2.454095 11.084132
1.177305 2.584165 11.531559
3.286704 2.659855 11.667659
9.907763 3.557143 14.814991
3.759048 2.674012 11.290828
0.554271 2.589632 11.456049
-2.783236 1.900327 8.549196
0.955237 2.708285 11.710289
1.244036 2.581635 11.024932
2.198720 2.606276 11.010847
2.389043 2.660877 11.199315
3.475617 2.596123 10.851566
3.955762 2.695887 11.224439
-0.476731 2.147462 9.157345
-0.137586 2.330054 10.035503
0.226412 2.495687 10.698297
0.386013 2.486205 10.640846
0.673045 2.520239 10.796099
1.393585 2.623731 11.200734
1.634340 2.636903 11.191500
9.027460 3.564611 14.358672
1.643300 2.764394 11.147489
1.198608 2.630713 10.697093
2.248901 2.800209 11.195774
4.261244 2.830862 10.967427
3.972207 2.982977 11.557068
4.293545 3.020555 11.727839
4.370636 3.088745 11.865339
1.560474 2.791118 10.847514
3.672852 2.942560 11.358953
-0.565224 2.577882 10.232325
1.414102 2.859198 11.167948
1.438359 2.850620 11.049713
2.611468 3.071084 11.816652
0.847773 2.874261 11.233524
0.972468 2.849934 11.159602
1.175188 2.820896 10.972589
1.250334 2.834324 10.962430
1.752732 2.902371 11.222004
0.659161 2.802219 10.835916
0.044354 2.637941 10.253285
0.280634 2.753099 10.651377
0.369407 2.742674 10.609483
0.472645 2.791608 10.786710
3.741327 3.174541 11.416479
2.289242 3.030464 11.135188
1.355632 2.959941 10.880960
1.443853 2.944817 10.824302
1.640714 2.887558 10.441980
1.934371 2.920123 10.527973
2.464956 2.874337 10.304601
1.735001 2.894216 10.431426
0.299804 2.882072 10.541432
0.522517 2.977737 10.883902
-0.036255 2.662683 9.542059
0.837373 2.872561 10.256082
2.745058 2.676216 9.175060
2.312154 2.837092 10.000516
2.017538 3.008189 10.463031
-2.293077 2.358834 8.570212
-2.188558 2.372412 8.616481
-1.955162 2.411585 8.719718
-1.187197 2.546122 9.051387
-0.491484 2.559971 9.065531
-0.192438 2.707820 9.432195
3.250254 3.141733 10.771158
-0.035524 2.769613 9.533331
2.311232 2.971396 10.011544
1.721757 3.104864 10.348801
1.755187 2.982289 9.957097
-2.755191 2.568741 8.747339
-2.258396 2.509637 8.498375
2.747864 2.872154 9.172188
-1.003898 2.708336 8.973113
0.530688 2.838842 9.215788
1.471577 2.948560 9.436870
1.960867 2.799907 8.690621
-2.793006 2.612282 8.448110
2.670225 2.897391 8.796283
0.427452 -1.550465 19.605370
2.181480 -1.052792 15.516598
0.021938 -0.348195 19.258394
1.692783 0.035561 15.174661
1.615481 0.136207 15.021479
4.952219 0.052620 18.728619
1.844367 0.361195 14.860600
0.343931 0.519800 19.090921
1.666645 0.415834 14.899410
-0.097157 0.713268 19.131005
0.457885 0.834057 18.548362
8.583663 0.713902 19.229018
2.929374 0.936646 17.301368
7.463900 1.108623 21.925497
2.076944 0.848087 14.888970
6.956578 1.659005 20.424991
-2.477399 1.157563 13.358712
-1.941033 1.564146 17.141142
-4.017261 1.292735 12.725114
-2.027524 1.252224 11.579625
2.121957 1.624622 14.728421
2.710831 1.686725 15.500790
2.323282 1.727985 14.783740
4.635843 1.930312 16.449095
8.462402 2.258036 18.337340
2.449532 1.889042 15.059557
-1.584417 1.269221 10.648865
6.621711 2.177290 17.478783
-1.329723 1.608317 13.166286
2.340201 2.001787 14.487786
-3.858926 1.682163 12.752867
-3.723153 1.684413 12.834820
-1.485359 1.385325 10.440599
1.998860 2.022668 14.576288
-3.409624 1.739477 12.937412
6.103624 2.429648 16.990617
2.556530 2.075032 14.760133
8.558511 2.644088 17.781800
-1.142540 1.763974 12.580451
3.369938 2.209678 15.258354
13.931571 2.448249 15.743362
0.591421 2.282679 15.295367
6.237565 2.647352 16.934632
3.050887 2.028145 13.156624
-3.725205 1.879449 12.747905
-3.874858 1.869786 12.640723
-3.728886 1.939256 12.728926
-3.878618 1.963490 12.704664
5.737440 2.738346 16.228693
6.042369 2.766680 16.385577
-1.398243 1.600739 10.706470
9.781433 3.036442 17.698837
-1.484314 1.589581 9.901892
9.671366 3.351614 17.515140
10.869073 3.719993 19.509039
-3.481298 2.044650 12.216866
-0.359138 2.086383 11.998684
1.189315 2.271251 11.745183
-0.190516 2.325914 11.862298
0.976979 2.329607 11.558818
0.114583 2.550556 12.714007
2.966317 2.402078 11.429299
3.321454 2.514236 11.739719
0.214424 2.597565 12.436891
2.305260 2.467893 11.090902
2.930460 2.572494 11.407358
3.191793 2.654970 11.615968
-0.236637 2.209860 10.128264
0.131812 2.387249 10.740003
3.293143 2.725237 11.564906
2.962161 2.743239 11.526087
-0.687898 2.025328 9.062740
4.515641 3.045995 11.759765
2.460728 2.664105 10.157292
1.049994 2.795532 10.804276
0.585116 2.841102 10.991374
2.141899 2.834812 10.277252
2.030144 2.841599 10.270896
-0.244558 2.485439 9.320026
2.738134 3.297083 10.820623
-2.219204 2.337719 8.517083
-0.144659 2.812353 9.252023
-2.891756 2.177367 7.937419
1.761411 -1.349127 15.664272
1.706112 -1.173512 15.360216
2.299356 -1.114744 15.442150
9.341672 -0.571292 19.012999
2.245368 -0.388137 15.400324
2.933735 -0.176636 18.071174
2.990738 0.223602 18.538560
2.615980 0.188503 15.321671
3.086185 0.517393 17.955166
0.033147 0.641862 19.103578
7.395370 0.750030 21.666275
8.588035 0.850475 19.208246
3.079200 0.805597 17.869520
4.230269 0.826175 17.146288
4.093806 0.711648 15.383617
2.538249 0.763388 15.020736
2.831071 0.970388 16.348900
4.834108 1.166731 17.338510
3.145880 1.250007 17.006904
8.491885 1.761684 22.299745
2.789670 1.358449 15.856207
2.470312 1.315045 15.010442
5.617244 1.598228 17.078282
-2.736877 1.436621 16.220349
-1.992830 1.255840 14.138291
9.672989 1.830238 18.280822
5.821175 1.731308 17.050750
-0.171596 1.443889 14.692621
5.316259 1.888205 18.150080
5.283362 1.768199 17.419217
6.742730 1.869278 18.102159
5.080016 1.852943 17.501391
0.099998 1.560166 15.105143
3.596317 1.768422 16.081222
7.810523 2.109954 19.035736
0.052785 2.050233 18.543051
4.312304 1.907409 16.508413
3.878767 1.858541 15.977231
0.604929 1.941444 17.108267
4.914787 1.996525 16.761474
5.147533 2.031949 16.931216
5.556845 2.083275 16.938985
5.892207 2.133994 17.149357
18.802549 4.210048 30.379480
2.754409 1.971329 15.672136
5.527424 2.102113 16.044577
7.862183 2.395920 17.386354
19.588304 4.357866 28.324819
10.216710 2.672753 17.800221
2.057819 2.055523 14.696436
5.355651 2.361322 16.191267
26.071372 5.732666 34.973164
10.287085 2.305232 14.211670
-1.210263 2.007563 14.279884
5.615852 2.540259 16.693954
5.626577 2.520134 16.401395
24.638721 5.605819 34.139763
19.300235 4.597043 26.912925
17.509488 4.678114 27.436432
20.656719 5.239514 29.998224
3.003445 2.444116 14.679252
-1.053425 2.279161 14.295765
6.030013 2.876169 16.347691
18.780563 5.100999 26.975091
10.916932 3.720384 19.335045
-0.228553 2.104072 12.064682
3.047104 2.508540 13.953210
4.373540 2.290524 11.975845
-1.554953 1.704272 9.864720
7.186410 2.610694 13.157889
11.084942 3.196718 14.834302
7.765460 2.946256 14.090542
2.117693 2.094643 10.632382
3.688660 2.905813 14.882952
-0.211066 2.658532 13.820992
6.547246 2.747108 12.955994
4.472680 2.502869 11.806670
-1.510397 1.784117 9.195836
2.019482 2.176310 10.595220
4.100104 2.506359 11.479781
2.089094 2.364295 10.691552
4.499012 2.599873 11.384815
2.721489 2.472535 10.870623
10.355982 3.729712 15.058163
4.465810 2.835669 11.957593
5.005900 3.016980 12.689688
2.519352 2.531818 10.650531
4.635049 3.089153 11.863563
2.964246 2.692838 10.296921
3.217570 2.767567 10.545113
2.744470 2.536032 9.634149
-0.092674 2.511093 10.085925
1.600763 2.990253 10.975157
1.970032 2.657969 8.722217
3.457828 3.263019 10.629938
1.458059 2.839453 9.505060
2.383294 3.061496 9.889448
-0.835321 2.245997 9.563749
-1.127951 2.033408 6.994182
-2.172471 2.333051 7.755091
-1.244830 2.772235 8.917547
-1.965245 2.171732 6.636971
5.251068 0.832033 18.497150
3.150654 1.017071 17.380292
8.550383 1.320643 19.084058
-2.824504 1.149592 13.579120
-4.066723 1.125247 12.725723
-4.033598 1.187958 12.679943
1.276116 1.616075 17.601408
-0.138143 1.758491 18.978218
-2.403724 1.271141 13.278287
-4.143248 1.517707 12.261860
7.078366 2.375101 17.482650
0.653947 1.897735 14.429084
-4.143005 1.662707 12.950310
-4.262057 1.664820 12.675118
-0.389922 2.011774 14.178117
0.266736 2.137795 14.595633
20.111801 4.630467 28.328179
-4.165740 1.898180 12.945316
-4.179295 2.326543 12.919720
2.268528 2.678082 10.388407
-3.042814 1.982031 8.342826
0.710100 -0.450658 19.635737
4.671187 0.259753 18.492488
2.334276 0.241363 15.106837
3.970059 1.847300 16.207601
3.391576 1.873747 15.819561
9.190171 3.125241 17.220082
2.302383 2.780352 10.020549
2.211619 3.003950 10.158827
2.735378 1.122310 16.189671
-1.948218 1.896760 15.841871
2.939290 0.362040 18.083321
3.406172 0.622442 19.228606
5.661415 0.666195 18.814424
6.709826 0.732122 18.667277
10.072609 0.981452 18.543957
5.453500 1.056807 18.234710
0.134041 0.917152 18.278186
0.376725 2.004259 17.394626
2.785100 2.424245 14.932775
4.526395 2.373582 12.326574
3.113826 2.405019 11.382794
2.565857 2.414372 10.879387
4.976456 3.204903 12.590615
3.213092 0.884554 17.601123
2.202820 2.085087 14.699498
10.939653 3.074121 19.185528
12.723082 3.386890 20.701875
6.772130 1.346778 18.149344
